INDEX	GRID	WORLD
0	0.000000,0.000000	1.000000,1.000000
905164	198.000000,1330.000000	199.000000,1331.000000
897001	204.000000,1318.000000	205.000000,1319.000000
897008	218.000000,1318.000000	219.000000,1319.000000
897015	232.000000,1318.000000	233.000000,1319.000000
892939	246.000000,1312.000000	247.000000,1313.000000
882051	246.000000,1296.000000	247.000000,1297.000000
876613	258.000000,1288.000000	259.000000,1289.000000
879342	272.000000,1292.000000	273.000000,1293.000000
871180	280.000000,1280.000000	281.000000,1281.000000
871187	294.000000,1280.000000	295.000000,1281.000000
871194	308.000000,1280.000000	309.000000,1281.000000
872562	322.000000,1282.000000	323.000000,1283.000000
882089	322.000000,1296.000000	323.000000,1297.000000
887539	334.000000,1304.000000	335.000000,1305.000000
895709	342.000000,1316.000000	343.000000,1317.000000
902519	352.000000,1326.000000	353.000000,1327.000000
905248	366.000000,1330.000000	367.000000,1331.000000
898446	372.000000,1320.000000	373.000000,1321.000000
888920	374.000000,1306.000000	375.000000,1307.000000
880757	380.000000,1294.000000	381.000000,1295.000000
882125	394.000000,1296.000000	395.000000,1297.000000
884853	406.000000,1300.000000	407.000000,1301.000000
880777	420.000000,1294.000000	421.000000,1295.000000
880784	434.000000,1294.000000	435.000000,1295.000000
879430	448.000000,1292.000000	449.000000,1293.000000
876715	462.000000,1288.000000	463.000000,1289.000000
869916	474.000000,1278.000000	475.000000,1279.000000
860392	480.000000,1264.000000	481.000000,1265.000000
852230	488.000000,1252.000000	489.000000,1253.000000
848154	502.000000,1246.000000	503.000000,1247.000000
842716	514.000000,1238.000000	515.000000,1239.000000
833190	516.000000,1224.000000	517.000000,1225.000000
823664	518.000000,1210.000000	519.000000,1211.000000
814138	520.000000,1196.000000	521.000000,1197.000000
804609	516.000000,1182.000000	517.000000,1183.000000
796447	524.000000,1170.000000	525.000000,1171.000000
786923	530.000000,1156.000000	531.000000,1157.000000
781485	542.000000,1148.000000	543.000000,1149.000000
773324	552.000000,1136.000000	553.000000,1137.000000
771970	566.000000,1134.000000	567.000000,1135.000000
762443	566.000000,1120.000000	567.000000,1121.000000
752914	562.000000,1106.000000	563.000000,1107.000000
746114	572.000000,1096.000000	573.000000,1097.000000
737944	564.000000,1084.000000	565.000000,1085.000000
728420	570.000000,1070.000000	571.000000,1071.000000
718896	576.000000,1056.000000	577.000000,1057.000000
716181	590.000000,1052.000000	591.000000,1053.000000
706654	590.000000,1038.000000	591.000000,1039.000000
703939	604.000000,1034.000000	605.000000,1035.000000
697139	614.000000,1024.000000	615.000000,1025.000000
687614	618.000000,1010.000000	619.000000,1011.000000
678087	618.000000,996.000000	619.000000,997.000000
675372	632.000000,992.000000	633.000000,993.000000
668572	642.000000,982.000000	643.000000,983.000000
659045	642.000000,968.000000	643.000000,969.000000
657691	656.000000,966.000000	657.000000,967.000000
648164	656.000000,952.000000	657.000000,953.000000
648167	662.000000,952.000000	663.000000,953.000000
648175	678.000000,952.000000	679.000000,953.000000
652265	692.000000,958.000000	693.000000,959.000000
654994	706.000000,962.000000	707.000000,963.000000
655001	720.000000,962.000000	721.000000,963.000000
653647	734.000000,960.000000	735.000000,961.000000
653654	748.000000,960.000000	749.000000,961.000000
650939	762.000000,956.000000	763.000000,957.000000
650946	776.000000,956.000000	777.000000,957.000000
649592	790.000000,954.000000	791.000000,955.000000
644154	802.000000,946.000000	803.000000,947.000000
641439	816.000000,942.000000	817.000000,943.000000
641446	830.000000,942.000000	831.000000,943.000000
633284	838.000000,930.000000	839.000000,931.000000
625122	846.000000,918.000000	847.000000,919.000000
626490	860.000000,920.000000	861.000000,921.000000
618328	868.000000,908.000000	869.000000,909.000000
614252	882.000000,902.000000	883.000000,903.000000
614259	896.000000,902.000000	897.000000,903.000000
618349	910.000000,908.000000	911.000000,909.000000
625160	922.000000,918.000000	923.000000,919.000000
627889	936.000000,922.000000	937.000000,923.000000
621089	946.000000,912.000000	947.000000,913.000000
617013	960.000000,906.000000	961.000000,907.000000
615659	974.000000,904.000000	975.000000,905.000000
615666	988.000000,904.000000	989.000000,905.000000
621116	1000.000000,912.000000	1001.000000,913.000000
622484	1014.000000,914.000000	1015.000000,915.000000
630654	1022.000000,926.000000	1023.000000,927.000000
640182	1024.000000,940.000000	1025.000000,941.000000
649710	1026.000000,954.000000	1027.000000,955.000000
659237	1026.000000,968.000000	1027.000000,969.000000
664687	1038.000000,976.000000	1039.000000,977.000000
672848	1028.000000,988.000000	1029.000000,989.000000
682373	1024.000000,1002.000000	1025.000000,1003.000000
683727	1010.000000,1004.000000	1011.000000,1005.000000
689173	1014.000000,1012.000000	1015.000000,1013.000000
698702	1018.000000,1026.000000	1019.000000,1027.000000
708226	1012.000000,1040.000000	1013.000000,1041.000000
712302	998.000000,1046.000000	999.000000,1047.000000
717740	986.000000,1054.000000	987.000000,1055.000000
720455	972.000000,1058.000000	973.000000,1059.000000
724532	960.000000,1064.000000	961.000000,1065.000000
724525	946.000000,1064.000000	947.000000,1065.000000
719075	934.000000,1056.000000	935.000000,1057.000000
709547	932.000000,1042.000000	933.000000,1043.000000
701377	924.000000,1030.000000	925.000000,1031.000000
697290	916.000000,1024.000000	917.000000,1025.000000
694561	902.000000,1020.000000	903.000000,1021.000000
695915	888.000000,1022.000000	889.000000,1023.000000
689105	878.000000,1012.000000	879.000000,1013.000000
691820	864.000000,1016.000000	865.000000,1017.000000
687730	850.000000,1010.000000	851.000000,1011.000000
695892	842.000000,1022.000000	843.000000,1023.000000
705416	836.000000,1036.000000	837.000000,1037.000000
714941	832.000000,1050.000000	833.000000,1051.000000
719017	818.000000,1056.000000	819.000000,1057.000000
713567	806.000000,1048.000000	807.000000,1049.000000
713559	790.000000,1048.000000	791.000000,1049.000000
716274	776.000000,1052.000000	777.000000,1053.000000
721712	764.000000,1060.000000	765.000000,1061.000000
727150	752.000000,1068.000000	753.000000,1069.000000
731226	738.000000,1074.000000	739.000000,1075.000000
733941	724.000000,1078.000000	725.000000,1079.000000
731214	714.000000,1074.000000	715.000000,1075.000000
725764	702.000000,1066.000000	703.000000,1067.000000
737996	668.000000,1084.000000	669.000000,1085.000000
